========================================================================================================================
jobs.txt DIMACS batch summary (per config)
  config_stem | paths | wall_s | solver_s | sat_calls | sat_paths | vars_min | vars_max | clauses_min | clauses_max | status
  [[5,1,3]]_[1,1,1,1]_T_lai_d_3_protocol_config |     2 |    n/a |    0.067 |         2 |         0 |      205 |      656 |        2182 |        4766 | ok
  [[5,1,3]]_[2,2]_T_fix_lai_3_protocol_config |     2 |    n/a |    0.064 |         2 |         1 |      254 |      817 |        2571 |        6008 | ok
  [[5,1,3]]_[2,2]_T_fix_2_lai_3_protocol_config |     2 |    n/a |    0.019 |         2 |         1 |      208 |      664 |        2207 |        4826 | ok
  [[7,1,3]]_lai_3_protocol                 |     2 |    n/a |    0.115 |         2 |         0 |      648 |      984 |        6317 |        7226 | ok
  [[5,1,3]]_low_depth_protocol_config      |    13 |    n/a |    0.210 |        13 |         5 |      207 |      656 |        2187 |        4754 | ok
  [[5,1,3]]_[2,2]_T_lai_3_protocol_config  |     2 |    n/a |    0.040 |         2 |         1 |      208 |      660 |        2207 |        4802 | ok
  [[5,1,3]]_[2,2]_lai_3_protocol_config    |     2 |    n/a |    0.033 |         2 |         1 |      207 |      658 |        2202 |        4802 | ok
  [[5,1,3]]_origin_config                  |     5 |    n/a |    0.113 |         5 |         0 |      207 |      656 |        2187 |        4756 | ok
  [[7,1,3]]_low_depth_2_config             |    19 |    n/a |    0.214 |        19 |         6 |      312 |      848 |        2192 |        6317 | ok
  low_depth_7_1_3_w_6                      |     4 |    n/a |    0.049 |         4 |         1 |      560 |      820 |        4056 |        6008 | ok
  [[9,1,3]]_chris_protocol_config          |     4 |    n/a |    0.053 |         4 |         4 |      820 |     1318 |        6142 |       10566 | ok
  [[25,1,5]]_chris_protocol_config         |    21 |    n/a | 119308.338 |        21 |         0 |     5068 |    11422 |       45644 |      123694 | ok
  [[17,1,5]]_chris_config                  |    20 |    n/a | 118790.043 |        20 |         0 |     5154 |    11889 |       47172 |      120744 | ok
  chao_du_[[19,1,5]]_config                |    20 |    n/a | 126988.515 |        20 |         0 |     6076 |    14317 |       44397 |      119917 | ok
  chao_du_[[17,1,5]]_config                |    21 |    n/a | 436965.403 |        21 |         3 |     5059 |    11697 |       44060 |      122996 | ok
  [[19,1,5]]_[2,2,2,1,1,1]_T_lai_d_5_protocol_config |     3 |    n/a | 3583.223 |         3 |         0 |     6635 |     9128 |       45756 |       67589 | ok
  [[19,1,5]]_[1,1,1,...]_lai_d_5_protocol_config |     3 |    n/a | 3607.221 |         3 |         0 |     6552 |     9025 |       45300 |       67068 | ok
  [[17,1,5]]_[1,1,1,1,1,...]_T_config      |     3 |    n/a | 1386.240 |         3 |         0 |     5459 |     7788 |       48310 |       57480 | ok
  [[17,1,5]]_[2,2,2,1,1]_T_lai_5_protocol_config |     3 |    n/a | 1112.682 |         3 |         0 |     5529 |     7887 |       48862 |       57947 | ok
========================================================================================================================
